298513
298559
298579
298583
298589
298601
298607
298621
298631
298651
298667
298679
298681
298687
298691
298693
298709
298723
298733
298757
298759
298777
298799
298801
298817
298819
298841
298847
298853
298861
298897
298937
298943
298993
298999
299011
299017
299027
299029
299053
299059
299063
299087
299099
299107
299113
299137
299147
299171
299179
299191
299197
299213
299239
299261
299281
299287
299311
299317
299329
299333
299357
299359
299363
299371
299389
299393
299401
299417
299419
299447
299471
299473
299477
299479
299501
299513
299521
299527
299539
299567
299569
299603
299617
299623
299653
299671
299681
299683
299699
299701
299711
299723
299731
299743
299749
299771
299777
299807
299843
