259339
259379
259381
259387
259397
259411
259421
259429
259451
259453
259459
259499
259507
259517
259531
259537
259547
259577
259583
259603
259619
259621
259627
259631
259639
259643
259657
259667
259681
259691
259697
259717
259723
259733
259751
259771
259781
259783
259801
259813
259823
259829
259837
259841
259867
259907
259933
259937
259943
259949
259967
259991
259993
260003
260009
260011
260017
260023
260047
260081
260089
260111
260137
260171
260179
260189
260191
260201
260207
260209
260213
260231
260263
260269
260317
260329
260339
260363
260387
260399
260411
260413
260417
260419
260441
260453
260461
260467
260483
260489
260527
260539
260543
260549
260551
260569
260573
260581
260587
260609
