266921
266927
266933
266947
266953
266957
266971
266977
266983
266993
266999
267017
267037
267049
267097
267131
267133
267139
267143
267167
267187
267193
267199
267203
267217
267227
267229
267233
267259
267271
267277
267299
267301
267307
267317
267341
267353
267373
267389
267391
267401
267403
267413
267419
267431
267433
267439
267451
267469
267479
267481
267493
267497
267511
267517
267521
267523
267541
267551
267557
267569
267581
267587
267593
267601
267611
267613
267629
267637
267643
267647
267649
267661
267667
267671
267677
267679
267713
267719
267721
267727
267737
267739
267749
267763
267781
267791
267797
267803
267811
267829
267833
267857
267863
267877
267887
267893
267899
267901
267907
