217271
217307
217309
217313
217319
217333
217337
217339
217351
217361
217363
217367
217369
217387
217397
217409
217411
217421
217429
217439
217457
217463
217489
217499
217517
217519
217559
217561
217573
217577
217579
217619
217643
217661
217667
217681
217687
217691
217697
217717
217727
217733
217739
217747
217771
217781
217793
217823
217829
217849
217859
217901
217907
217909
217933
217937
217969
217979
217981
218003
218021
218047
218069
218077
218081
218083
218087
218107
218111
218117
218131
218137
218143
218149
218171
218191
218213
218227
218233
218249
218279
218287
218357
218363
218371
218381
218389
218401
218417
218419
218423
218437
218447
218453
218459
218461
218479
218509
218513
218521
