248089
248099
248117
248119
248137
248141
248161
248167
248177
248179
248189
248201
248203
248231
248243
248257
248267
248291
248293
248299
248309
248317
248323
248351
248357
248371
248389
248401
248407
248431
248441
248447
248461
248473
248477
248483
248509
248533
248537
248543
248569
248579
248587
248593
248597
248609
248621
248627
248639
248641
248657
248683
248701
248707
248719
248723
248737
248749
248753
248779
248783
248789
248797
248813
248821
248827
248839
248851
248861
248867
248869
248879
248887
248891
248893
248903
248909
248971
248981
248987
249017
249037
249059
249079
249089
249097
249103
249107
249127
249131
249133
249143
249181
249187
249199
249211
249217
249229
249233
249253
