212131
212141
212161
212167
212183
212203
212207
212209
212227
212239
212243
212281
212293
212297
212353
212369
212383
212411
212419
212423
212437
212447
212453
212461
212467
212479
212501
212507
212557
212561
212573
212579
212587
212593
212627
212633
212651
212669
212671
212677
212683
212701
212777
212791
212801
212827
212837
212843
212851
212867
212869
212873
212881
212897
212903
212909
212917
212923
212969
212981
212987
212999
213019
213023
213029
213043
213067
213079
213091
213097
213119
213131
213133
213139
213149
213173
213181
213193
213203
213209
213217
213223
213229
213247
213253
213263
213281
213287
213289
213307
213319
213329
213337
213349
213359
213361
213383
213391
213397
213407
