272983
272989
272999
273001
273029
273043
273047
273059
273061
273067
273073
273083
273107
273113
273127
273131
273149
273157
273181
273187
273193
273233
273253
273269
273271
273281
273283
273289
273311
273313
273323
273349
273359
273367
273433
273457
273473
273503
273517
273521
273527
273551
273569
273601
273613
273617
273629
273641
273643
273653
273697
273709
273719
273727
273739
273773
273787
273797
273803
273821
273827
273857
273881
273899
273901
273913
273919
273929
273941
273943
273967
273971
273979
273997
274007
274019
274033
274061
274069
274081
274093
274103
274117
274121
274123
274139
274147
274163
274171
274177
274187
274199
274201
274213
274223
274237
274243
274259
274271
274277
