208529
208553
208577
208589
208591
208609
208627
208631
208657
208667
208673
208687
208697
208699
208721
208729
208739
208759
208787
208799
208807
208837
208843
208877
208889
208891
208907
208927
208931
208933
208961
208963
208991
208993
208997
209021
209029
209039
209063
209071
209089
209123
209147
209159
209173
209179
209189
209201
209203
209213
209221
209227
209233
209249
209257
209263
209267
209269
209299
209311
209317
209327
209333
209347
209353
209357
209359
209371
209381
209393
209401
209431
209441
209449
209459
209471
209477
209497
209519
209533
209543
209549
209563
209567
209569
209579
209581
209597
209621
209623
209639
209647
209659
209669
209687
209701
209707
209717
209719
209743
