295937
295943
295949
295951
295961
295973
295993
296011
296017
296027
296041
296047
296071
296083
296099
296117
296129
296137
296159
296183
296201
296213
296221
296237
296243
296249
296251
296269
296273
296279
296287
296299
296347
296353
296363
296369
296377
296437
296441
296473
296477
296479
296489
296503
296507
296509
296519
296551
296557
296561
296563
296579
296581
296587
296591
296627
296651
296663
296669
296683
296687
296693
296713
296719
296729
296731
296741
296749
296753
296767
296771
296773
296797
296801
296819
296827
296831
296833
296843
296909
296911
296921
296929
296941
296969
296971
296981
296983
296987
297019
297023
297049
297061
297067
297079
297083
297097
297113
297133
297151
