225767
225769
225779
225781
225809
225821
225829
225839
225859
225871
225889
225919
225931
225941
225943
225949
225961
225977
225983
225989
226001
226007
226013
226027
226063
226087
226099
226103
226123
226129
226133
226141
226169
226183
226189
226199
226201
226217
226231
226241
226267
226283
226307
226313
226337
226357
226367
226379
226381
226397
226409
226427
226433
226451
226453
226463
226483
226487
226511
226531
226547
226549
226553
226571
226601
226609
226621
226631
226637
226643
226649
226657
226663
226669
226691
226697
226741
226753
226769
226777
226783
226789
226799
226813
226817
226819
226823
226843
226871
226901
226903
226907
226913
226937
226943
226991
227011
227027
227053
227081
